crossing time (s)	slope (V/s)	crossing number
281474976710655.000000	-29.384247	2160	0.000000
281474976710655.000000	-33.700901	2161	0.000000
281474976710655.000000	-36.672733	2162	0.000000
281474976710655.000000	-30.977674	2163	0.000000
281474976710655.000000	-30.234749	2164	0.000000
281474976710655.000000	-42.521450	2165	0.000000
281474976710655.000000	-33.838902	2166	0.000000
281474976710655.000000	-34.945637	2167	0.000000
281474976710655.000000	-39.985886	2168	0.000000
281474976710655.000000	-37.356651	2169	0.000000
281474976710655.000000	-50.601261	2170	0.000000
281474976710655.000000	-29.948919	2171	0.000000
281474976710655.000000	-46.391747	2172	0.000000
281474976710655.000000	-32.400326	2173	0.000000
281474976710655.000000	-44.693195	2174	0.000000
281474976710655.000000	-33.054745	2175	0.000000
281474976710655.000000	-31.136108	2176	0.000000
281474976710655.000000	-38.564548	2177	0.000000
281474976710655.000000	-34.013805	2178	0.000000
281474976710655.000000	-39.145142	2179	0.000000
281474976710655.000000	-43.906067	2180	0.000000
281474976710655.000000	-31.143164	2181	0.000000
281474976710655.000000	-36.507187	2182	0.000000
281474976710655.000000	-32.698078	2183	0.000000
281474976710655.000000	-43.288960	2184	0.000000
281474976710655.000000	-40.733120	2185	0.000000
281474976710655.000000	-46.684597	2186	0.000000
281474976710655.000000	-35.163727	2187	0.000000
281474976710655.000000	-33.684422	2188	0.000000
281474976710655.000000	-41.778145	2189	0.000000
281474976710655.000000	-37.326767	2190	0.000000
281474976710655.000000	-31.763529	2191	0.000000
281474976710655.000000	-47.410423	2192	0.000000
281474976710655.000000	-36.217690	2193	0.000000
281474976710655.000000	-39.578083	2194	0.000000
281474976710655.000000	-38.163113	2195	0.000000
281474976710655.000000	-50.145061	2196	0.000000
281474976710655.000000	-38.483418	2197	0.000000
281474976710655.000000	-44.376556	2198	0.000000
281474976710655.000000	-43.679592	2199	0.000000
281474976710655.000000	-52.996304	2200	0.000000
281474976710655.000000	-46.116970	2201	0.000000
281474976710655.000000	-48.680706	2202	0.000000
281474976710655.000000	-41.674648	2203	0.000000
281474976710655.000000	-51.841434	2204	0.000000
281474976710655.000000	-40.102928	2205	0.000000
281474976710655.000000	-85.378502	2206	0.000000
281474976710655.000000	-42.652161	2207	0.000000
281474976710655.000000	-59.483105	2208	0.000000
281474976710655.000000	-41.575970	2209	0.000000
281474976710655.000000	-40.059448	2210	0.000000
281474976710655.000000	-38.134598	2211	0.000000
281474976710655.000000	-41.568954	2212	0.000000
281474976710655.000000	-48.810909	2213	0.000000
281474976710655.000000	-66.993423	2214	0.000000
281474976710655.000000	-49.742825	2215	0.000000
281474976710655.000000	-48.819160	2216	0.000000
281474976710655.000000	-38.593124	2217	0.000000
281474976710655.000000	-57.055515	2218	0.000000
281474976710655.000000	-42.903214	2219	0.000000
281474976710655.000000	-56.706554	2220	0.000000
281474976710655.000000	-50.071686	2221	0.000000
281474976710655.000000	-52.042110	2222	0.000000
281474976710655.000000	-56.592915	2223	0.000000
281474976710655.000000	-52.508480	2224	0.000000
281474976710655.000000	-70.975777	2225	0.000000
281474976710655.000000	-36.300884	2226	0.000000
281474976710655.000000	-60.176723	2227	0.000000
281474976710655.000000	-69.793877	2228	0.000000
281474976710655.000000	-44.802864	2229	0.000000
281474976710655.000000	-41.337994	2230	0.000000
281474976710655.000000	-51.827229	2231	0.000000
281474976710655.000000	-57.024540	2232	0.000000
281474976710655.000000	-41.549686	2233	0.000000
281474976710655.000000	-90.871040	2234	0.000000
281474976710655.000000	-49.608356	2235	0.000000
281474976710655.000000	-59.467991	2236	0.000000
281474976710655.000000	-54.510574	2237	0.000000
281474976710655.000000	-63.336452	2238	0.000000
281474976710655.000000	-52.078510	2239	0.000000
281474976710655.000000	-60.877426	2240	0.000000
281474976710655.000000	-56.306240	2241	0.000000
281474976710655.000000	-117.632996	2242	0.000000
281474976710655.000000	-52.408058	2243	0.000000
281474976710655.000000	-39.614487	2244	0.000000
281474976710655.000000	-55.250134	2245	0.000000
281474976710655.000000	-58.962048	2246	0.000000
281474976710655.000000	-62.987045	2247	0.000000
281474976710655.000000	-62.509895	2248	0.000000
281474976710655.000000	-77.587418	2249	0.000000
281474976710655.000000	-64.972054	2250	0.000000
281474976710655.000000	-45.617817	2251	0.000000
281474976710655.000000	-74.489655	2252	0.000000
281474976710655.000000	-59.638008	2253	0.000000
281474976710655.000000	-61.958950	2254	0.000000
281474976710655.000000	-71.604836	2255	0.000000
281474976710655.000000	-64.368309	2256	0.000000
281474976710655.000000	-56.082809	2257	0.000000
281474976710655.000000	-100.940117	2258	0.000000
281474976710655.000000	-56.347309	2259	0.000000
281474976710655.000000	-69.332581	2260	0.000000
281474976710655.000000	-56.551891	2261	0.000000
281474976710655.000000	-92.569550	2262	0.000000
281474976710655.000000	-61.581730	2263	0.000000
281474976710655.000000	-47.034454	2264	0.000000
281474976710655.000000	-99.253876	2265	0.000000
281474976710655.000000	-67.161392	2266	0.000000
281474976710655.000000	-60.189701	2267	0.000000
281474976710655.000000	-58.867691	2268	0.000000
281474976710655.000000	-43.793777	2269	0.000000
281474976710655.000000	-69.703598	2270	0.000000
281474976710655.000000	-58.054222	2271	0.000000
281474976710655.000000	-99.223114	2272	0.000000
281474976710655.000000	-65.281677	2273	0.000000
281474976710655.000000	-67.680840	2274	0.000000
281474976710655.000000	-65.514931	2275	0.000000
281474976710655.000000	-52.268940	2276	0.000000
281474976710655.000000	-59.055332	2277	0.000000
281474976710655.000000	-53.293240	2278	0.000000
281474976710655.000000	-64.090042	2279	0.000000
281474976710655.000000	-69.438324	2280	0.000000
281474976710655.000000	-40.761337	2281	0.000000
281474976710655.000000	-34.776894	2282	0.000000
281474976710655.000000	-66.017151	2283	0.000000
281474976710655.000000	-67.495430	2284	0.000000
281474976710655.000000	-63.115646	2285	0.000000
281474976710655.000000	-50.175461	2286	0.000000
281474976710655.000000	-52.541576	2287	0.000000
281474976710655.000000	-67.246361	2288	0.000000
281474976710655.000000	-44.620159	2289	0.000000
281474976710655.000000	-64.118042	2290	0.000000
281474976710655.000000	-65.976601	2291	0.000000
281474976710655.000000	-51.137360	2292	0.000000
281474976710655.000000	-68.683823	2293	0.000000
281474976710655.000000	-68.719620	2294	0.000000
281474976710655.000000	-65.079735	2295	0.000000
281474976710655.000000	-71.907425	2296	0.000000
281474976710655.000000	-61.133476	2297	0.000000
281474976710655.000000	-143.677444	2298	0.000000
281474976710655.000000	-62.481586	2299	0.000000
281474976710655.000000	-105.973587	2300	0.000000
281474976710655.000000	-42.388599	2301	0.000000
281474976710655.000000	-39.547836	2302	0.000000
281474976710655.000000	-64.276909	2303	0.000000
281474976710655.000000	-44.800560	2304	0.000000
281474976710655.000000	-68.355621	2305	0.000000
281474976710655.000000	-144.305252	2306	0.000000
281474976710655.000000	-68.133621	2307	0.000000
281474976710655.000000	-65.188065	2308	0.000000
281474976710655.000000	-47.384735	2309	0.000000
281474976710655.000000	-35.503017	2310	0.000000
281474976710655.000000	-66.712593	2311	0.000000
281474976710655.000000	-48.802006	2312	0.000000
281474976710655.000000	-75.021919	2313	0.000000
281474976710655.000000	-42.483902	2314	0.000000
281474976710655.000000	-74.582497	2315	0.000000
281474976710655.000000	-69.189705	2316	0.000000
281474976710655.000000	-71.971039	2317	0.000000
281474976710655.000000	-52.614071	2318	0.000000
281474976710655.000000	-47.406670	2319	0.000000
281474976710655.000000	-27.235855	2320	0.000000
281474976710655.000000	-69.595284	2321	0.000000
281474976710655.000000	-32.838882	2322	0.000000
281474976710655.000000	-137.619141	2323	0.000000
281474976710655.000000	-73.046333	2324	0.000000
281474976710655.000000	-66.267174	2325	0.000000
281474976710655.000000	-47.310757	2326	0.000000
281474976710655.000000	-44.960369	2327	0.000000
281474976710655.000000	-80.858459	2328	0.000000
281474976710655.000000	-98.205460	2329	0.000000
281474976710655.000000	-74.871841	2330	0.000000
281474976710655.000000	-65.391052	2331	0.000000
281474976710655.000000	-105.930199	2332	0.000000
281474976710655.000000	-51.766239	2333	0.000000
281474976710655.000000	-48.446228	2334	0.000000
281474976710655.000000	-53.700085	2335	0.000000
281474976710655.000000	-109.957542	2336	0.000000
281474976710655.000000	-37.691177	2337	0.000000
281474976710655.000000	-141.429077	2338	0.000000
281474976710655.000000	-72.900581	2339	0.000000
281474976710655.000000	-67.436630	2340	0.000000
281474976710655.000000	-49.403137	2341	0.000000
281474976710655.000000	-142.779419	2342	0.000000
281474976710655.000000	-32.668056	2343	0.000000
281474976710655.000000	-43.277431	2344	0.000000
281474976710655.000000	-73.311829	2345	0.000000
281474976710655.000000	-72.710152	2346	0.000000
281474976710655.000000	-55.221222	2347	0.000000
281474976710655.000000	-70.033592	2348	0.000000
281474976710655.000000	-80.870514	2349	0.000000
281474976710655.000000	-74.926949	2350	0.000000
281474976710655.000000	-45.480850	2351	0.000000
281474976710655.000000	-46.593948	2352	0.000000
281474976710655.000000	-77.514671	2353	0.000000
281474976710655.000000	-143.254715	2354	0.000000
281474976710655.000000	-75.225037	2355	0.000000
281474976710655.000000	-72.721863	2356	0.000000
281474976710655.000000	-48.101215	2357	0.000000
281474976710655.000000	-72.053696	2358	0.000000
281474976710655.000000	-136.105301	2359	0.000000
281474976710655.000000	-80.377220	2360	0.000000
281474976710655.000000	-76.253891	2361	0.000000
281474976710655.000000	-47.765736	2362	0.000000
281474976710655.000000	-33.113026	2363	0.000000
281474976710655.000000	-51.841671	2364	0.000000
281474976710655.000000	-70.637703	2365	0.000000
281474976710655.000000	-74.444878	2366	0.000000
281474976710655.000000	-70.308502	2367	0.000000
281474976710655.000000	-71.677849	2368	0.000000
281474976710655.000000	Inf	2369	0.000000
281474976710655.000000	-50.143181	2370	0.000000
281474976710655.000000	-69.163887	2371	0.000000
281474976710655.000000	-75.125526	2372	0.000000
281474976710655.000000	-71.404076	2373	0.000000
281474976710655.000000	-76.930046	2374	0.000000
281474976710655.000000	-149.618393	2375	0.000000
281474976710655.000000	-146.102539	2376	0.000000
281474976710655.000000	-69.417015	2377	0.000000
281474976710655.000000	-50.390923	2378	0.000000
281474976710655.000000	-71.329857	2379	0.000000
281474976710655.000000	-48.767040	2380	0.000000
281474976710655.000000	-73.317032	2381	0.000000
281474976710655.000000	-71.617455	2382	0.000000
281474976710655.000000	-74.240669	2383	0.000000
281474976710655.000000	-69.953362	2384	0.000000
281474976710655.000000	-71.870636	2385	0.000000
281474976710655.000000	-35.905918	2386	0.000000
281474976710655.000000	-135.567902	2387	0.000000
281474976710655.000000	-71.068619	2388	0.000000
281474976710655.000000	-147.182327	2389	0.000000
281474976710655.000000	-112.780876	2390	0.000000
281474976710655.000000	-147.387009	2391	0.000000
281474976710655.000000	-39.768650	2392	0.000000
281474976710655.000000	-69.943932	2393	0.000000
281474976710655.000000	-143.946350	2394	0.000000
281474976710655.000000	-74.855438	2395	0.000000
281474976710655.000000	-39.068359	2396	0.000000
281474976710655.000000	-68.887245	2397	0.000000
281474976710655.000000	-76.038475	2398	0.000000
281474976710655.000000	-36.470177	2399	0.000000
281474976710655.000000	-79.374664	2400	0.000000
281474976710655.000000	-37.269157	2401	0.000000
281474976710655.000000	-50.201298	2402	0.000000
281474976710655.000000	-68.236908	2403	0.000000
281474976710655.000000	-150.476273	2404	0.000000
281474976710655.000000	-72.542732	2405	0.000000
281474976710655.000000	-151.442673	2406	0.000000
281474976710655.000000	-71.239044	2407	0.000000
281474976710655.000000	-71.455070	2408	0.000000
281474976710655.000000	-75.904793	2409	0.000000
281474976710655.000000	-71.754089	2410	0.000000
281474976710655.000000	-73.769844	2411	0.000000
281474976710655.000000	-104.925201	2412	0.000000
281474976710655.000000	-149.448212	2413	0.000000
281474976710655.000000	-68.404068	2414	0.000000
281474976710655.000000	-72.811554	2415	0.000000
281474976710655.000000	-49.210258	2416	0.000000
281474976710655.000000	-73.139900	2417	0.000000
281474976710655.000000	-49.741409	2418	0.000000
281474976710655.000000	-85.510796	2419	0.000000
281474976710655.000000	-48.560436	2420	0.000000
281474976710655.000000	-50.200390	2421	0.000000
281474976710655.000000	-80.446358	2422	0.000000
281474976710655.000000	-72.352470	2423	0.000000
281474976710655.000000	-73.427277	2424	0.000000
281474976710655.000000	-73.105843	2425	0.000000
281474976710655.000000	-110.790840	2426	0.000000
281474976710655.000000	-73.970016	2427	0.000000
281474976710655.000000	-142.861206	2428	0.000000
281474976710655.000000	-77.971230	2429	0.000000
281474976710655.000000	-71.538322	2430	0.000000
281474976710655.000000	-74.753525	2431	0.000000
281474976710655.000000	-74.879814	2432	0.000000
281474976710655.000000	-135.700546	2433	0.000000
281474976710655.000000	-72.895050	2434	0.000000
281474976710655.000000	-78.623932	2435	0.000000
281474976710655.000000	-74.797203	2436	0.000000
281474976710655.000000	-69.583687	2437	0.000000
281474976710655.000000	-34.843769	2438	0.000000
281474976710655.000000	-72.166580	2439	0.000000
281474976710655.000000	-114.721458	2440	0.000000
281474976710655.000000	-45.592747	2441	0.000000
281474976710655.000000	-153.015396	2442	0.000000
281474976710655.000000	Inf	2443	0.000000
281474976710655.000000	-74.270622	2444	0.000000
281474976710655.000000	-142.475662	2445	0.000000
281474976710655.000000	-44.798000	2446	0.000000
281474976710655.000000	-156.156647	2447	0.000000
281474976710655.000000	-37.637344	2448	0.000000
281474976710655.000000	-66.422455	2449	0.000000
281474976710655.000000	-140.752014	2450	0.000000
281474976710655.000000	-33.537773	2451	0.000000
281474976710655.000000	-76.431366	2452	0.000000
281474976710655.000000	-152.524918	2453	0.000000
281474976710655.000000	-38.577026	2454	0.000000
281474976710655.000000	-105.568512	2455	0.000000
281474976710655.000000	-48.745892	2456	0.000000
281474976710655.000000	-68.180695	2457	0.000000
281474976710655.000000	-75.801659	2458	0.000000
281474976710655.000000	-68.145836	2459	0.000000
281474976710655.000000	-70.491737	2460	0.000000
281474976710655.000000	-72.805923	2461	0.000000
281474976710655.000000	-38.852535	2462	0.000000
281474976710655.000000	-139.022186	2463	0.000000
281474976710655.000000	-75.855057	2464	0.000000
281474976710655.000000	-144.732712	2465	0.000000
281474976710655.000000	-145.046509	2466	0.000000
281474976710655.000000	-68.823265	2467	0.000000
281474976710655.000000	-70.051346	2468	0.000000
281474976710655.000000	-70.454376	2469	0.000000
281474976710655.000000	-73.684181	2470	0.000000
281474976710655.000000	-69.785271	2471	0.000000
281474976710655.000000	-70.247589	2472	0.000000
281474976710655.000000	-38.929359	2473	0.000000
281474976710655.000000	-70.026314	2474	0.000000
281474976710655.000000	-48.180080	2475	0.000000
281474976710655.000000	-35.511459	2476	0.000000
281474976710655.000000	-68.752884	2477	0.000000
281474976710655.000000	-47.443989	2478	0.000000
281474976710655.000000	-139.500336	2479	0.000000
281474976710655.000000	-56.475437	2480	0.000000
281474976710655.000000	-69.422951	2481	0.000000
281474976710655.000000	-68.011719	2482	0.000000
281474976710655.000000	-71.080757	2483	0.000000
281474976710655.000000	-72.191895	2484	0.000000
281474976710655.000000	-65.024742	2485	0.000000
281474976710655.000000	-32.059582	2486	0.000000
281474976710655.000000	-72.813095	2487	0.000000
281474976710655.000000	-142.943985	2488	0.000000
281474976710655.000000	-35.841454	2489	0.000000
281474976710655.000000	-72.923164	2490	0.000000
281474976710655.000000	-66.118782	2491	0.000000
281474976710655.000000	-47.953335	2492	0.000000
281474976710655.000000	-31.847296	2493	0.000000
281474976710655.000000	-71.116241	2494	0.000000
281474976710655.000000	-34.282413	2495	0.000000
281474976710655.000000	-77.507530	2496	0.000000
281474976710655.000000	-67.439774	2497	0.000000
281474976710655.000000	-71.429367	2498	0.000000
281474976710655.000000	-75.141518	2499	0.000000
281474976710655.000000	-136.613266	2500	0.000000
281474976710655.000000	-109.548393	2501	0.000000
281474976710655.000000	-70.010551	2502	0.000000
281474976710655.000000	-72.292938	2503	0.000000
281474976710655.000000	-67.623894	2504	0.000000
281474976710655.000000	-54.530880	2505	0.000000
281474976710655.000000	-31.791798	2506	0.000000
281474976710655.000000	-65.425339	2507	0.000000
281474976710655.000000	-67.587303	2508	0.000000
281474976710655.000000	-52.706619	2509	0.000000
281474976710655.000000	-77.921707	2510	0.000000
281474976710655.000000	-70.932747	2511	0.000000
281474976710655.000000	-68.995750	2512	0.000000
281474976710655.000000	-65.342819	2513	0.000000
281474976710655.000000	-53.958309	2514	0.000000
281474976710655.000000	-105.685745	2515	0.000000
281474976710655.000000	Inf	2516	0.000000
281474976710655.000000	-100.068710	2517	0.000000
281474976710655.000000	-43.273533	2518	0.000000
