crossing time (s)	slope (V/s)	crossing number
281474976710655.000000	-21.843294	4509	0.000000
281474976710655.000000	-22.236187	4510	0.000000
281474976710655.000000	-26.601894	4511	0.000000
281474976710655.000000	-22.986238	4512	0.000000
281474976710655.000000	-28.615957	4513	0.000000
281474976710655.000000	-21.241079	4514	0.000000
281474976710655.000000	-24.780621	4515	0.000000
281474976710655.000000	-26.857975	4516	0.000000
281474976710655.000000	-20.577036	4517	0.000000
281474976710655.000000	-31.087456	4518	0.000000
281474976710655.000000	-19.125429	4519	0.000000
281474976710655.000000	-34.348736	4520	0.000000
281474976710655.000000	-19.621914	4521	0.000000
281474976710655.000000	-29.339973	4522	0.000000
281474976710655.000000	-20.207325	4523	0.000000
281474976710655.000000	-32.414028	4524	0.000000
281474976710655.000000	-24.475151	4525	0.000000
281474976710655.000000	-25.054243	4526	0.000000
281474976710655.000000	-25.786728	4527	0.000000
281474976710655.000000	-26.106098	4528	0.000000
281474976710655.000000	-25.826019	4529	0.000000
281474976710655.000000	-27.836088	4530	0.000000
281474976710655.000000	-27.764921	4531	0.000000
281474976710655.000000	-28.730642	4532	0.000000
281474976710655.000000	-26.230606	4533	0.000000
281474976710655.000000	-25.334366	4534	0.000000
281474976710655.000000	-23.719595	4535	0.000000
281474976710655.000000	-30.329668	4536	0.000000
281474976710655.000000	-21.595119	4537	0.000000
281474976710655.000000	-34.758739	4538	0.000000
281474976710655.000000	-20.460779	4539	0.000000
281474976710655.000000	-34.106625	4540	0.000000
281474976710655.000000	-22.718609	4541	0.000000
281474976710655.000000	-31.932178	4542	0.000000
281474976710655.000000	-25.572569	4543	0.000000
281474976710655.000000	-28.157072	4544	0.000000
281474976710655.000000	-30.071117	4545	0.000000
281474976710655.000000	-24.144598	4546	0.000000
281474976710655.000000	-33.309151	4547	0.000000
281474976710655.000000	-27.233850	4548	0.000000
281474976710655.000000	-29.983047	4549	0.000000
281474976710655.000000	-31.856001	4550	0.000000
281474976710655.000000	-27.658115	4551	0.000000
281474976710655.000000	-33.455235	4552	0.000000
281474976710655.000000	-23.057983	4553	0.000000
281474976710655.000000	-33.591274	4554	0.000000
281474976710655.000000	-22.410572	4555	0.000000
281474976710655.000000	-36.099163	4556	0.000000
281474976710655.000000	-23.332396	4557	0.000000
281474976710655.000000	-36.000134	4558	0.000000
281474976710655.000000	-24.237667	4559	0.000000
281474976710655.000000	-35.566734	4560	0.000000
281474976710655.000000	-26.347672	4561	0.000000
281474976710655.000000	-36.968746	4562	0.000000
281474976710655.000000	-27.551107	4563	0.000000
281474976710655.000000	-35.449734	4564	0.000000
281474976710655.000000	-24.871590	4565	0.000000
281474976710655.000000	-48.668869	4566	0.000000
281474976710655.000000	-26.081741	4567	0.000000
281474976710655.000000	-40.665104	4568	0.000000
281474976710655.000000	-25.157818	4569	0.000000
281474976710655.000000	-39.046734	4570	0.000000
281474976710655.000000	-26.884281	4571	0.000000
281474976710655.000000	-36.352695	4572	0.000000
281474976710655.000000	-23.855993	4573	0.000000
281474976710655.000000	-34.935234	4574	0.000000
281474976710655.000000	-29.536036	4575	0.000000
281474976710655.000000	-38.191795	4576	0.000000
281474976710655.000000	-31.255266	4577	0.000000
281474976710655.000000	-32.275238	4578	0.000000
281474976710655.000000	-35.589893	4579	0.000000
281474976710655.000000	-28.607685	4580	0.000000
281474976710655.000000	-39.751629	4581	0.000000
281474976710655.000000	-30.477743	4582	0.000000
281474976710655.000000	-36.784546	4583	0.000000
281474976710655.000000	-32.862644	4584	0.000000
281474976710655.000000	-34.996407	4585	0.000000
281474976710655.000000	-36.522285	4586	0.000000
281474976710655.000000	-32.898323	4587	0.000000
281474976710655.000000	-42.774696	4588	0.000000
281474976710655.000000	-30.030872	4589	0.000000
281474976710655.000000	-45.571465	4590	0.000000
281474976710655.000000	-29.455059	4591	0.000000
281474976710655.000000	-42.026505	4592	0.000000
281474976710655.000000	-30.090639	4593	0.000000
281474976710655.000000	-41.350464	4594	0.000000
281474976710655.000000	-28.917452	4595	0.000000
281474976710655.000000	-37.694878	4596	0.000000
281474976710655.000000	-32.513416	4597	0.000000
281474976710655.000000	-43.869205	4598	0.000000
281474976710655.000000	-32.251457	4599	0.000000
281474976710655.000000	-39.375504	4600	0.000000
281474976710655.000000	-30.656527	4601	0.000000
281474976710655.000000	-37.736576	4602	0.000000
281474976710655.000000	-31.009232	4603	0.000000
281474976710655.000000	-50.360828	4604	0.000000
281474976710655.000000	-31.454098	4605	0.000000
281474976710655.000000	-45.157406	4606	0.000000
281474976710655.000000	-30.116627	4607	0.000000
281474976710655.000000	-44.117882	4608	0.000000
281474976710655.000000	-34.048893	4609	0.000000
281474976710655.000000	-40.525948	4610	0.000000
281474976710655.000000	-30.759192	4611	0.000000
281474976710655.000000	-44.605263	4612	0.000000
281474976710655.000000	-37.483837	4613	0.000000
281474976710655.000000	-42.370148	4614	0.000000
281474976710655.000000	-37.480457	4615	0.000000
281474976710655.000000	-32.376331	4616	0.000000
281474976710655.000000	-45.898926	4617	0.000000
281474976710655.000000	-41.064568	4618	0.000000
281474976710655.000000	-37.780903	4619	0.000000
281474976710655.000000	-32.835880	4620	0.000000
281474976710655.000000	-41.742355	4621	0.000000
281474976710655.000000	-39.543148	4622	0.000000
281474976710655.000000	-33.036667	4623	0.000000
281474976710655.000000	-37.365601	4624	0.000000
281474976710655.000000	-34.955460	4625	0.000000
281474976710655.000000	-35.952858	4626	0.000000
281474976710655.000000	-32.034042	4627	0.000000
281474976710655.000000	-52.068066	4628	0.000000
281474976710655.000000	-31.557182	4629	0.000000
281474976710655.000000	-49.098621	4630	0.000000
281474976710655.000000	-30.987675	4631	0.000000
281474976710655.000000	-62.058201	4632	0.000000
281474976710655.000000	-31.408985	4633	0.000000
281474976710655.000000	-48.032200	4634	0.000000
281474976710655.000000	-32.167534	4635	0.000000
281474976710655.000000	-49.914669	4636	0.000000
281474976710655.000000	-35.914692	4637	0.000000
281474976710655.000000	-48.297432	4638	0.000000
281474976710655.000000	-34.965862	4639	0.000000
281474976710655.000000	-44.597237	4640	0.000000
281474976710655.000000	-31.564285	4641	0.000000
281474976710655.000000	-74.318161	4642	0.000000
281474976710655.000000	-31.979729	4643	0.000000
281474976710655.000000	-42.569923	4644	0.000000
281474976710655.000000	-34.528965	4645	0.000000
281474976710655.000000	-45.434631	4646	0.000000
281474976710655.000000	-36.141727	4647	0.000000
281474976710655.000000	-40.674435	4648	0.000000
281474976710655.000000	-41.104263	4649	0.000000
281474976710655.000000	-44.743286	4650	0.000000
281474976710655.000000	-50.606281	4651	0.000000
281474976710655.000000	-41.059078	4652	0.000000
281474976710655.000000	-49.479679	4653	0.000000
281474976710655.000000	-37.073692	4654	0.000000
281474976710655.000000	-47.053310	4655	0.000000
281474976710655.000000	-36.241371	4656	0.000000
281474976710655.000000	-53.536594	4657	0.000000
281474976710655.000000	-36.831383	4658	0.000000
281474976710655.000000	-45.978828	4659	0.000000
281474976710655.000000	-53.108112	4660	0.000000
281474976710655.000000	-38.739410	4661	0.000000
281474976710655.000000	-44.230431	4662	0.000000
281474976710655.000000	-36.550972	4663	0.000000
281474976710655.000000	-34.517216	4664	0.000000
281474976710655.000000	-33.558376	4665	0.000000
281474976710655.000000	-47.781555	4666	0.000000
281474976710655.000000	-36.992210	4667	0.000000
281474976710655.000000	-50.159752	4668	0.000000
281474976710655.000000	-36.716228	4669	0.000000
281474976710655.000000	-46.604919	4670	0.000000
281474976710655.000000	-32.059353	4671	0.000000
281474976710655.000000	-40.882927	4672	0.000000
281474976710655.000000	-32.969955	4673	0.000000
281474976710655.000000	-44.408409	4674	0.000000
281474976710655.000000	-36.501923	4675	0.000000
281474976710655.000000	-32.386654	4676	0.000000
281474976710655.000000	-41.906872	4677	0.000000
281474976710655.000000	-50.408955	4678	0.000000
281474976710655.000000	-34.404148	4679	0.000000
281474976710655.000000	-34.051582	4680	0.000000
281474976710655.000000	-38.626770	4681	0.000000
281474976710655.000000	-44.799019	4682	0.000000
281474976710655.000000	-34.566376	4683	0.000000
281474976710655.000000	-44.502750	4684	0.000000
281474976710655.000000	-27.977995	4685	0.000000
281474976710655.000000	-40.082241	4686	0.000000
281474976710655.000000	-31.034956	4687	0.000000
281474976710655.000000	-34.271305	4688	0.000000
281474976710655.000000	-31.440325	4689	0.000000
281474976710655.000000	-50.940212	4690	0.000000
281474976710655.000000	-52.167713	4691	0.000000
281474976710655.000000	-37.614998	4692	0.000000
281474976710655.000000	-43.065815	4693	0.000000
281474976710655.000000	-40.259308	4694	0.000000
281474976710655.000000	-42.347256	4695	0.000000
281474976710655.000000	-42.814522	4696	0.000000
281474976710655.000000	-41.707588	4697	0.000000
281474976710655.000000	-49.164509	4698	0.000000
281474976710655.000000	-45.310505	4699	0.000000
281474976710655.000000	-39.214283	4700	0.000000
281474976710655.000000	-50.082138	4701	0.000000
281474976710655.000000	-36.668575	4702	0.000000
281474976710655.000000	-40.892117	4703	0.000000
281474976710655.000000	-36.847427	4704	0.000000
281474976710655.000000	-43.491295	4705	0.000000
281474976710655.000000	-39.655136	4706	0.000000
281474976710655.000000	-45.255077	4707	0.000000
281474976710655.000000	-43.182007	4708	0.000000
281474976710655.000000	-34.031155	4709	0.000000
281474976710655.000000	-35.140057	4710	0.000000
281474976710655.000000	-39.419945	4711	0.000000
281474976710655.000000	-46.531322	4712	0.000000
281474976710655.000000	-40.958389	4713	0.000000
281474976710655.000000	-49.942894	4714	0.000000
281474976710655.000000	-34.351067	4715	0.000000
281474976710655.000000	-65.526276	4716	0.000000
281474976710655.000000	-34.402443	4717	0.000000
281474976710655.000000	-36.076591	4718	0.000000
281474976710655.000000	-39.070000	4719	0.000000
281474976710655.000000	-44.392670	4720	0.000000
281474976710655.000000	-40.207211	4721	0.000000
281474976710655.000000	-55.662666	4722	0.000000
281474976710655.000000	-49.017254	4723	0.000000
281474976710655.000000	-44.467846	4724	0.000000
281474976710655.000000	-51.498646	4725	0.000000
281474976710655.000000	-38.395985	4726	0.000000
281474976710655.000000	-42.262428	4727	0.000000
281474976710655.000000	-37.028225	4728	0.000000
281474976710655.000000	-35.858356	4729	0.000000
281474976710655.000000	-44.544464	4730	0.000000
281474976710655.000000	-41.208565	4731	0.000000
281474976710655.000000	-51.119968	4732	0.000000
281474976710655.000000	-37.743050	4733	0.000000
281474976710655.000000	-34.995621	4734	0.000000
281474976710655.000000	-52.858757	4735	0.000000
281474976710655.000000	-41.692699	4736	0.000000
281474976710655.000000	-43.269379	4737	0.000000
281474976710655.000000	-68.052017	4738	0.000000
281474976710655.000000	-36.922794	4739	0.000000
281474976710655.000000	-55.354362	4740	0.000000
281474976710655.000000	-36.383789	4741	0.000000
281474976710655.000000	-43.488682	4742	0.000000
281474976710655.000000	-53.651123	4743	0.000000
281474976710655.000000	-46.225807	4744	0.000000
281474976710655.000000	-60.866322	4745	0.000000
281474976710655.000000	-49.113140	4746	0.000000
281474976710655.000000	-42.191971	4747	0.000000
281474976710655.000000	-44.846199	4748	0.000000
281474976710655.000000	-53.293716	4749	0.000000
281474976710655.000000	-32.649586	4750	0.000000
281474976710655.000000	-55.285206	4751	0.000000
281474976710655.000000	-44.733612	4752	0.000000
281474976710655.000000	-46.582737	4753	0.000000
281474976710655.000000	-38.451862	4754	0.000000
281474976710655.000000	-54.015190	4755	0.000000
281474976710655.000000	-43.497993	4756	0.000000
281474976710655.000000	-42.173340	4757	0.000000
281474976710655.000000	-49.088570	4758	0.000000
281474976710655.000000	-40.636372	4759	0.000000
281474976710655.000000	-48.219818	4760	0.000000
281474976710655.000000	-38.445797	4761	0.000000
281474976710655.000000	-51.229225	4762	0.000000
281474976710655.000000	-37.409008	4763	0.000000
281474976710655.000000	-47.557957	4764	0.000000
281474976710655.000000	-38.319828	4765	0.000000
281474976710655.000000	-37.006271	4766	0.000000
281474976710655.000000	-38.045803	4767	0.000000
281474976710655.000000	-53.770531	4768	0.000000
281474976710655.000000	-44.362484	4769	0.000000
281474976710655.000000	-48.447735	4770	0.000000
281474976710655.000000	-43.190765	4771	0.000000
281474976710655.000000	-67.884415	4772	0.000000
281474976710655.000000	-48.026089	4773	0.000000
281474976710655.000000	-45.039127	4774	0.000000
281474976710655.000000	-39.887318	4775	0.000000
281474976710655.000000	-39.849266	4776	0.000000
281474976710655.000000	-38.252758	4777	0.000000
281474976710655.000000	-47.404636	4778	0.000000
281474976710655.000000	-38.038071	4779	0.000000
281474976710655.000000	-32.969826	4780	0.000000
281474976710655.000000	-41.982510	4781	0.000000
281474976710655.000000	-35.713993	4782	0.000000
281474976710655.000000	-39.137833	4783	0.000000
281474976710655.000000	-49.046913	4784	0.000000
281474976710655.000000	-36.916065	4785	0.000000
281474976710655.000000	-57.644238	4786	0.000000
281474976710655.000000	-42.690918	4787	0.000000
281474976710655.000000	-47.396084	4788	0.000000
281474976710655.000000	-46.807819	4789	0.000000
281474976710655.000000	-44.231430	4790	0.000000
281474976710655.000000	-43.406040	4791	0.000000
281474976710655.000000	-51.756641	4792	0.000000
281474976710655.000000	-43.888477	4793	0.000000
281474976710655.000000	-49.275532	4794	0.000000
281474976710655.000000	-46.387001	4795	0.000000
281474976710655.000000	-47.334728	4796	0.000000
281474976710655.000000	-46.293926	4797	0.000000
281474976710655.000000	-49.231609	4798	0.000000
281474976710655.000000	-45.288418	4799	0.000000
281474976710655.000000	-42.483402	4800	0.000000
281474976710655.000000	-37.767609	4801	0.000000
281474976710655.000000	-54.868271	4802	0.000000
281474976710655.000000	-56.109535	4803	0.000000
281474976710655.000000	-35.555260	4804	0.000000
281474976710655.000000	-43.773693	4805	0.000000
281474976710655.000000	-43.332630	4806	0.000000
281474976710655.000000	-53.120010	4807	0.000000
281474976710655.000000	-44.451637	4808	0.000000
281474976710655.000000	-34.020412	4809	0.000000
281474976710655.000000	-45.856270	4810	0.000000
281474976710655.000000	-36.835056	4811	0.000000
281474976710655.000000	-50.441238	4812	0.000000
281474976710655.000000	-46.507847	4813	0.000000
281474976710655.000000	-39.718884	4814	0.000000
281474976710655.000000	-44.451981	4815	0.000000
281474976710655.000000	-46.246681	4816	0.000000
281474976710655.000000	-44.013542	4817	0.000000
281474976710655.000000	-47.574512	4818	0.000000
281474976710655.000000	-61.312847	4819	0.000000
281474976710655.000000	-54.884769	4820	0.000000
281474976710655.000000	-48.600086	4821	0.000000
281474976710655.000000	-37.747780	4822	0.000000
281474976710655.000000	-49.753033	4823	0.000000
